[0.         0.00087071 0.00288883 0.00488488 0.00802453 0.01073744
 0.01364234 0.01959763 0.02229037 0.02530739 0.02982622 0.03418205
 0.03789539 0.05231018 0.05447784 0.05763822 0.06242272 0.06550599
 0.07029831 0.0800875  0.08296464 0.08721324 0.09508725 0.09893515
 0.10526498 0.144      0.14555997 0.14833325 0.15136686 0.1560368
 0.16010616 0.16446351 0.17341803 0.17770827 0.18196109 0.1888009
 0.19534711 0.20084309 0.22260238 0.22573811 0.23045733 0.23764574
 0.24225899 0.24948744 0.26420529 0.26844696 0.27481985 0.28667086
 0.29240272 0.30189747 0.4        0.40155997 0.40433325 0.40736686
 0.4120368  0.41610616 0.42046351 0.42941803 0.43370827 0.43796109
 0.4448009  0.45134711 0.45684309 0.47860238 0.48173811 0.48645733
 0.49364574 0.49825899 0.50548744 0.52020529 0.52444696 0.53081985
 0.54267086 0.54840272 0.55789747 0.616      0.61833995 0.62249987
 0.6270503  0.63420246 0.64019249 0.64669527 0.66013858 0.6665687
 0.67296322 0.68320136 0.69304226 0.70126463 0.73390358 0.73860716
 0.74570394 0.75647483 0.76340014 0.77424282 0.79630793 0.80268013
 0.81223607 0.83000628 0.83860748 0.85284804 0.        ]
